0               1
0.0314159               0.999997
0.0628318               0.999974
0.0942477               0.999911
0.125664                0.99979
0.157079                0.999591
0.188495                0.999294
0.219911                0.998882
0.251327                0.998335
0.282743                0.997637
0.314159                0.996769
0.345575                0.995715
0.376991                0.994459
0.408407                0.992985
0.439823                0.991277
0.471239                0.989323
0.502654                0.987106
0.53407         0.984616
0.565486                0.981839
0.596902                0.978764
0.628318                0.97538
0.659734                0.971676
0.69115         0.967645
0.722566                0.963276
0.753981                0.958562
0.785397                0.953496
0.816813                0.948072
0.848229                0.942285
0.879645                0.936128
0.911061                0.929599
0.942477                0.922695
0.973893                0.915412
1.00531         0.907749
1.03672         0.899705
1.06814         0.89128
1.09956         0.882473
1.13097         0.873288
1.16239         0.863724
1.1938          0.853785
1.22522         0.843475
1.25664         0.832796
1.28805         0.821754
1.31947         0.810354
1.35088         0.798602
1.3823          0.786504
1.41372         0.774068
1.44513         0.761302
1.47655         0.748213
1.50796         0.734811
1.53938         0.721106
1.5708          0.707107
1.60221         0.692825
1.63363         0.678272
1.66504         0.663459
1.69646         0.648398
1.72788         0.633102
1.75929         0.617585
1.79071         0.60186
1.82212         0.585941
1.85354         0.569842
1.88495         0.55358
1.91637         0.537169
1.94779         0.520625
1.9792          0.503965
2.01062         0.487205
2.04203         0.470362
2.07345         0.453454
2.10487         0.436499
2.13628         0.419514
2.1677          0.402518
2.19911         0.385531
2.23053         0.368571
2.26195         0.351658
2.29336         0.334813
2.32478         0.318054
2.35619         0.301404
2.38761         0.284883
2.41903         0.268513
2.45044         0.252316
2.48186         0.236315
2.51327         0.220531
2.54469         0.20499
2.57611         0.189715
2.60752         0.17473
2.63894         0.160063
2.67035         0.14574
2.70177         0.131789
2.73319         0.118238
2.7646          0.10512
2.79602         0.0924663
2.82743         0.0803135
2.85885         0.0687001
2.89026         0.0576689
2.92168         0.0472683
2.9531          0.0375543
2.98451         0.0285933
3.01593         0.0204679
3.04734         0.0132851
3.07876         0.00719397
3.11018         0.00239449